27.6 26.2 19.8 32.5 28.7 32.6 13.9 30.4 35.3 27.3 31.6 22.9 15.5 15.5 23.8 20.7 37.6 14.3 33.8 20.2
25.8 26.5 30.8 38.3 19.9 37.5 33.6 39.4 12.5 38.8 22.3 30.9 18.3 19.2 21.7 30.2 31.9 17.2 15.1 22.7
37.5 37.8 23.2 34.5 30.6 33.1 21.5 17.7 29.8 39.3 25.6 39.3 26.5 33.2 27.3 26.8 13.9 33.6 20.3 28.4
14.3 26.3 30.4 27.6 27.7 38.7 35.1 29.9 24.2 21.9 27.8 38.5 28.8 28.6 36.5 16.9 29.2 19.6 27.7 39.8
22.8 32.6 12.8 10.1 20.9 14.1 27.5 20.3 39.8 10.3 19.9 27.9 17.6 34.4 18.7 28.9 36.7 21.4 34.4 31.4
21.2 38.9 30.3 15.6 16.5 15.4 24.2 11.7 32.7 36.8 34.5 33.4 10.6 18.2 35.6 31.8 30.6 33.6 40.6 12.8
15.4 37.7 30.4 30.7 27.8 12.4 17.6 28.4 34.2 28.4 17.3 15.8 23.9 12.9 13.8 25.7 21.6 29.4 22.7 32.5
20.6 31.8 16.5 14.2 11.3 12.7 26.7 35.9 27.5 35.3 35.5 23.8 13.2 10.5 35.3 10.2 17.9 18.7 25.6 32.8
23.8 13.6 22.6 11.4 13.3 34.7 32.8 11.8 34.1 29.9 17.6 35.8 37.5 16.2 12.6 18.8 19.1 26.1 36.6 38.9
32.3 37.7 10.5 16.3 33.1 35.9 34.1 32.6 12.5 33.2 24.2 30.7 29.9 21.2 36.7 35.5 35.3 22.6 18.7 36.5
25.4 38.2 20.2 17.5 35.5 33.6 26.9 13.8 29.2 35.1 15.4 15.8 29.3 15.1 29.5 23.9 14.1 12.8 25.1 39.1
29.7 34.3 13.9 26.2 10.9 22.4 10.1 19.9 17.3 26.9 30.8 17.9 10.3 10.5 14.2 12.1 31.9 25.3 23.7 21.6
26.2 20.2 29.2 14.1 28.6 38.4 31.8 28.1 12.7 33.7 39.6 28.7 16.4 10.3 14.9 27.8 28.8 23.4 13.9 28.4
16.3 10.8 28.2 23.8 27.8 38.5 13.9 12.9 27.8 26.2 13.9 37.6 20.9 40.3 10.7 11.2 20.3 26.5 15.4 13.3
20.5 20.8 36.1 17.4 15.6 15.9 23.3 20.5 10.6 15.3 37.7 24.4 18.3 32.1 21.9 24.4 12.6 24.3 17.9 26.5
15.8 33.4 13.5 13.2 30.5 39.9 24.4 13.7 37.9 22.4 26.8 28.8 22.4 18.1 26.5 12.6 22.2 18.5 37.9 39.9
28.7 17.9 16.1 38.9 35.4 16.4 24.8 19.6 20.6 26.4 21.6 13.5 24.5 18.7 28.1 32.6 36.4 14.1 24.5 10.2
